     0/299     13.2G   0.06607   0.00819   0.01996   0.09422        30       640         0         0         0         0    0.1197      2.24    0.3216
     1/299     17.2G   0.05355  0.005034   0.01276   0.07134        43       640   0.00155   0.03449 0.0003106  4.82e-05     0.122     45.12     1.365
     2/299     18.9G   0.04237  0.004502  0.008602   0.05548        51       640    0.1723   0.01803 0.0006703 0.0001453    0.1233  0.007609   0.03145
     3/299     18.9G    0.0346  0.004287  0.007759   0.04665        61       640   0.07009    0.1483   0.05316   0.01813    0.1134   0.03017   0.01933
     4/299     18.9G   0.03886   0.00448  0.008588   0.05193        57       640    0.8692    0.1084    0.1153    0.0533    0.1033  0.009092   0.02023
     5/299     18.9G   0.03332  0.004355  0.007268   0.04495        37       640    0.4261    0.1273   0.07804   0.03485    0.1087  0.008103   0.02266
     6/299     18.9G   0.03355  0.004253  0.006497    0.0443        40       640    0.5675    0.1894    0.1954    0.1011    0.1012  0.008686   0.01804
     7/299     18.9G    0.0347  0.004372  0.006563   0.04564        36       640     0.726    0.2384     0.205   0.09668   0.09749  0.009686   0.01558
     8/299     18.9G   0.03249   0.00446  0.006263   0.04321        63       640    0.8155    0.2343    0.2846    0.1389   0.09693  0.009012   0.01512
     9/299     18.9G   0.03759   0.00469  0.007379   0.04966        50       640    0.5197    0.1252     0.135   0.06838   0.09987  0.009621   0.01738
    10/299     18.9G   0.03136  0.004843  0.005802     0.042        46       640    0.5639    0.2153    0.1852   0.09095    0.1002  0.009648   0.01659
    11/299     18.9G   0.03281  0.004756  0.006537    0.0441        65       640    0.6952     0.206    0.1969    0.1049   0.09685  0.009986   0.01612
    12/299     18.9G   0.03374  0.004781  0.006217   0.04474        34       640    0.7109    0.2269    0.3158    0.1691   0.09498  0.008023   0.01496
    13/299     18.9G   0.03216  0.004574    0.0057   0.04243        35       640    0.1491    0.1348    0.1055   0.05008    0.1084   0.01156    0.0217
    14/299     18.9G   0.03659  0.004954   0.00713   0.04868        78       640    0.7872    0.1812    0.2129    0.1087   0.09893  0.009098   0.01489
    15/299     18.9G    0.0334  0.004712  0.006152   0.04427        37       640    0.8782    0.1294    0.1481   0.08006    0.1053  0.009904   0.01821
    16/299     18.9G   0.03169   0.00488  0.005869   0.04244        34       640    0.7527     0.283    0.3243    0.1713   0.09969  0.008504   0.01428
    17/299     18.9G   0.03149  0.004806   0.00517   0.04147        56       640    0.6128    0.3585    0.3616    0.1811   0.09874   0.00759   0.01308
    18/299     18.9G    0.0317  0.004694  0.004759   0.04115        33       640     0.719    0.3183    0.3474    0.1778   0.09937  0.007921   0.01389
    19/299     18.9G   0.03839  0.004733   0.01038   0.05351        70       640   0.02071   0.01961  0.006239  0.003216    0.1135   0.01076   0.02352
    20/299     18.9G   0.04127   0.00459   0.01005   0.05591        50       640    0.5047   0.02874  0.001349 0.0004299    0.1181   0.01078    0.1641
    21/299     18.9G   0.04122  0.004878  0.009099    0.0552        48       640    0.7276   0.06335   0.04522   0.02004    0.1092   0.01056   0.01768
    22/299     18.9G   0.03917  0.005162  0.009126   0.05346        29       640    0.6025   0.09611   0.05506   0.02506    0.1053   0.01164    0.0183
    23/299     18.9G   0.03572  0.005044  0.007702   0.04847        46       640     0.792    0.1541    0.1844   0.07199   0.09879   0.01151   0.01817
    24/299     18.9G    0.0345   0.00517  0.007256   0.04693        28       640    0.7559     0.167    0.1583   0.07069    0.1004   0.01015    0.0161
    25/299     18.9G   0.03748  0.005198  0.007904   0.05058        71       640    0.8155    0.1083    0.1317     0.062    0.0983   0.01267   0.01821
    26/299     18.9G   0.03644  0.005214  0.007993   0.04964        38       640     0.856    0.1779    0.2209    0.1145   0.09387   0.01196   0.01626
    27/299     18.9G   0.03236  0.005189  0.006565   0.04411        52       640    0.8774    0.2217    0.2609    0.1305   0.09911  0.008389   0.01523
    28/299     18.9G      0.03  0.005003  0.005071   0.04007        57       640     0.882    0.2276    0.3156    0.1624   0.09823  0.008021   0.01522
    29/299     18.9G   0.03465  0.004646    0.0058    0.0451        47       640    0.8208    0.2432    0.2989     0.164   0.09874  0.007992   0.01356
    30/299     18.9G   0.03099  0.004778  0.004689   0.04046        42       640     0.904    0.2357    0.3402    0.1908   0.09745  0.007586   0.01397
    31/299     18.9G   0.03408  0.004904  0.005947   0.04493        33       640         0         0         0         0    0.1172     1.653    0.7347
    32/299     18.9G   0.04448  0.004569   0.01144   0.06049        35       640    0.3801    0.0204  0.005541 0.0008158    0.1104   0.01064   0.01906
    33/299     18.9G    0.0386  0.004738   0.00817   0.05151        39       640    0.1928   0.05817   0.01122  0.002726    0.1085   0.01078   0.01736
    34/299     18.9G   0.03911  0.004789  0.007809   0.05171        66       640    0.3707   0.05816    0.0162   0.00461    0.1084   0.01184   0.01825
    35/299     18.9G   0.03868  0.004792  0.007859   0.05133        40       640    0.5643   0.09451   0.06082   0.01681    0.1069   0.01019    0.0158
    36/299     18.9G   0.03983  0.004746  0.007305   0.05188        62       640    0.6079   0.09492   0.07449   0.02906     0.106  0.009867   0.01625
    37/299     18.9G   0.04113   0.00468  0.007342   0.05315        39       640    0.5941   0.09097   0.05602   0.01865    0.1066   0.01013   0.01724
    38/299     18.9G   0.03259  0.004921  0.006065   0.04358        78       640    0.4783     0.105   0.09766   0.04509     0.105  0.009516   0.01461
    39/299     18.9G   0.03558  0.004761   0.00632   0.04666        33       640    0.5261    0.1721    0.1324   0.06117     0.104  0.009377   0.01569
    40/299     18.9G   0.03651  0.005019  0.006255   0.04778        27       640    0.2336    0.1245   0.05923   0.02391    0.1071   0.01392   0.02087
    41/299     18.9G   0.03457  0.004997  0.006055   0.04562        42       640    0.6804    0.1538    0.1426   0.05255    0.1043  0.009188    0.0174
    42/299     18.9G   0.03342  0.004864  0.005516    0.0438        57       640    0.5682    0.2108    0.1885   0.08423    0.1024  0.008856   0.01569
    43/299     18.9G   0.03253  0.005033  0.005286   0.04284        42       640    0.7949    0.1663    0.2038   0.09491    0.1018  0.008889   0.01439
    44/299     18.9G   0.03724  0.004927  0.005789   0.04795        45       640    0.7216    0.1601    0.1933   0.09426    0.1035  0.009063   0.01591
    45/299     18.9G   0.03291  0.004891  0.005324   0.04312        34       640    0.8945    0.1872    0.2335    0.1154    0.1008  0.008745   0.01427
    46/299     18.9G   0.03419   0.00491   0.00549   0.04459        33       640    0.8484    0.1688    0.2271    0.1225    0.1004  0.009123   0.01412
    47/299     18.9G   0.03258  0.005101  0.005297   0.04298        58       640    0.7797     0.193    0.2522    0.1318   0.09928  0.008563   0.01521
    48/299     18.9G   0.03387  0.004931  0.005121   0.04393        74       640    0.8428    0.2041    0.2562    0.1434   0.09991  0.008418   0.01387
    49/299     18.9G   0.03352  0.004906  0.005063   0.04349        44       640    0.7518     0.265    0.2854    0.1499   0.09935  0.008181   0.01357
    50/299     18.9G   0.03416  0.004797  0.004654   0.04361        64       640    0.7128    0.2381    0.2532    0.1321   0.09699  0.008724    0.0128
    51/299     18.9G   0.03119  0.004897  0.004474   0.04056        75       640    0.8612    0.2313    0.2837    0.1482   0.09475  0.008022    0.0129
    52/299     18.9G   0.02952  0.004763  0.004188   0.03847        39       640    0.6033    0.2594    0.3043    0.1655   0.09388  0.007899    0.0129
    53/299     18.9G   0.03613  0.004899   0.00552   0.04654        48       640    0.9343    0.1988    0.2579    0.1458   0.09346  0.008589   0.01368
    54/299     18.9G   0.03581  0.004819  0.005288   0.04592        30       640    0.8742    0.2058    0.2984    0.1475   0.09369  0.008262   0.01528
    55/299     18.9G   0.03323  0.004882  0.005119   0.04323        56       640    0.6507    0.2551    0.2955    0.1521   0.09339  0.007885   0.01469
    56/299     18.9G    0.0362  0.004915  0.005731   0.04684        58       640    0.8018    0.2689    0.3349    0.1716   0.09232  0.008176   0.01404
    57/299     18.9G   0.03683  0.004884  0.005884    0.0476        26       640    0.4588    0.2401    0.1807   0.08028   0.09619  0.008998   0.02081
    58/299     18.9G   0.03613  0.004917  0.005465   0.04651        53       640    0.7759    0.2439    0.2914    0.1557   0.09262   0.00842   0.01309
    59/299     18.9G   0.03464  0.004965  0.005472   0.04507        46       640    0.2421    0.1945    0.2077    0.1079   0.09324   0.00892   0.01426
    60/299     18.9G   0.03504  0.004779  0.005595   0.04541        83       640    0.7013    0.2779    0.3124     0.173   0.09424  0.007866   0.01332
    61/299     18.9G   0.03441  0.004792  0.005273   0.04448        56       640    0.7225    0.2763    0.3403    0.1875   0.09156  0.007552   0.01257
    62/299     18.9G   0.03315  0.004759  0.004601   0.04251        55       640    0.5011    0.3361    0.3474    0.1887   0.09136  0.007577   0.01386
    63/299     18.9G   0.03533  0.004624  0.004498   0.04445        56       640    0.5528     0.327    0.4138     0.217   0.09095  0.007536   0.01419
    64/299     18.9G    0.0361  0.004738  0.004937   0.04577        47       640     0.485    0.3853    0.3972    0.2159   0.09064  0.007338   0.01254
    65/299     18.9G   0.03363  0.004511  0.004543   0.04269        38       640    0.5077    0.3492    0.3972    0.2145   0.09044  0.007247   0.01212
    66/299     18.9G   0.03456  0.004719  0.004383   0.04366        47       640     0.549    0.3633    0.4008    0.2211   0.09022  0.007045   0.01362
    67/299     18.9G   0.03567  0.004536  0.005011   0.04521        53       640    0.4894    0.4152    0.4356    0.2276   0.09017  0.007068   0.01191
    68/299     18.9G   0.03402  0.004497  0.004345   0.04286        36       640    0.6282    0.3234    0.4193    0.2348   0.08984  0.006976    0.0122
    69/299     18.9G   0.03429   0.00456  0.004607   0.04346        38       640    0.5632    0.3725    0.4284    0.2311   0.08951  0.006986   0.01163
    70/299     18.9G   0.03446  0.004469  0.004975    0.0439        73       640    0.5595    0.3919    0.4431    0.2373   0.09027  0.007079   0.01189
    71/299     18.9G   0.03301  0.004434  0.004337   0.04178        58       640    0.6943    0.3033    0.4278    0.2351   0.08983  0.007186   0.01179
    72/299     18.9G   0.03635  0.004616  0.005063   0.04603        37       640     0.707    0.3431     0.358    0.1892   0.09194  0.008203   0.01933
    73/299     18.9G   0.03496  0.004627  0.004744   0.04433        39       640    0.5963    0.3609    0.4369    0.2464   0.09031  0.007012   0.01231
    74/299     18.9G   0.03484  0.004473  0.004608   0.04392        65       640    0.5802    0.4003    0.4698    0.2641   0.08978  0.007097   0.01257
    75/299     18.9G   0.03617  0.004764  0.004924   0.04586        40       640    0.7318    0.3313    0.4134    0.2146   0.09063  0.007321   0.01261
    76/299     18.9G   0.03847   0.00491  0.004895   0.04827        19       640    0.7888    0.3393    0.3969    0.2184    0.0897  0.007532   0.01476
    77/299     18.9G   0.03732   0.00466  0.005189   0.04717        47       640     0.571    0.3721    0.4188    0.2321   0.08759  0.007156   0.01587
    78/299     18.9G   0.03917  0.004571  0.005138   0.04888        62       640    0.8521    0.3117    0.4432    0.2238   0.09112  0.007437   0.01621
    79/299     18.9G   0.03767   0.00466  0.004928   0.04726        31       640    0.7491    0.3685    0.4327    0.2336   0.08749   0.00709   0.01756
    80/299     18.9G    0.0367  0.004497  0.004872   0.04607        55       640    0.5823    0.3781    0.4377    0.2473   0.08721  0.006836   0.01393
    81/299     18.9G   0.03751  0.004556  0.005727    0.0478        53       640      0.83     0.281     0.396    0.2266   0.08883  0.007204   0.01525
    82/299     18.9G   0.03453  0.004564  0.004651   0.04374        41       640    0.4318    0.3757    0.3691    0.1991   0.08834   0.00835   0.02154
    83/299     18.9G    0.0345  0.004562  0.004329   0.04339        48       640    0.3342    0.5756    0.4812    0.2587   0.08539  0.007215   0.01203
    84/299     18.9G    0.0369  0.004729  0.004921   0.04655        31       640    0.3897    0.5403     0.482    0.2667   0.08513  0.007155   0.01199
    85/299     18.9G   0.03589    0.0045  0.004907    0.0453        40       640     0.498    0.4047    0.4631    0.2532   0.08442   0.00703   0.01275
    86/299     18.9G   0.03941    0.0044  0.005493    0.0493        50       640    0.6062    0.3816    0.4513    0.2405   0.08397  0.007126   0.01428
    87/299     18.9G   0.04063  0.004497  0.005661   0.05079        36       640    0.3966    0.5419    0.4957    0.2756   0.08315  0.006771   0.01296
    88/299     18.9G   0.04021   0.00451  0.005469   0.05019        33       640    0.4889    0.3785     0.466    0.2656   0.08268  0.006988    0.0129
    89/299     18.9G   0.03669  0.004548  0.004865    0.0461        41       640    0.3899    0.5245    0.4783    0.2711   0.08467  0.006816    0.0123
    90/299     18.9G   0.03859  0.004377  0.004996   0.04796        43       640     0.531    0.5741    0.5564    0.2944   0.08333   0.00665   0.01214
    91/299     18.9G   0.03567  0.004452  0.004927   0.04505        48       640     0.481    0.5778      0.55    0.2963   0.08292  0.006476   0.01398
    92/299     18.9G   0.03942  0.004239  0.004875   0.04854        61       640    0.5546    0.5436    0.5387    0.2976   0.08242  0.006468   0.01312
    93/299     18.9G   0.03773  0.004311  0.004788   0.04683        72       640    0.5791    0.5867    0.5796    0.3173   0.08136  0.006391    0.0124
    94/299     18.9G   0.03698  0.004408  0.004729   0.04612        51       640    0.5155     0.552    0.5457    0.2926   0.08063  0.006254   0.01182
    95/299     18.9G   0.03937  0.004386  0.005341   0.04909        48       640    0.5516    0.5726    0.5743    0.3119    0.0798  0.006332   0.01316
    96/299     18.9G   0.03621  0.004357  0.004163   0.04473        23       640    0.5616    0.5892    0.5768    0.3234   0.08156  0.006312   0.01346
    97/299     18.9G   0.03567  0.004257  0.004302   0.04423        43       640    0.5587    0.6199    0.5905    0.3213   0.08247  0.006238   0.01391
    98/299     18.9G    0.0365  0.004376  0.004449   0.04532        43       640    0.4983    0.5727    0.5524    0.3076   0.08005  0.006258   0.01428
    99/299     18.9G   0.03765  0.004328  0.004916   0.04689        30       640    0.5328    0.5871    0.5463    0.3036   0.07802  0.006511   0.01403
   100/299     18.9G   0.03469    0.0043   0.00468   0.04367        33       640    0.5719    0.6217    0.6022    0.3257   0.07743   0.00615   0.01334
   101/299     18.9G   0.03476  0.004054  0.004017   0.04284        42       640      0.58    0.6479    0.6173     0.334   0.07845  0.006062   0.01388
   102/299     18.9G   0.03302  0.004221  0.004085   0.04133        56       640    0.6803    0.5538    0.5899    0.3199   0.07522  0.006146    0.0143
   103/299     18.9G   0.03326   0.00412  0.003746   0.04113        58       640    0.6185    0.6242    0.6083    0.3288   0.07867  0.005999   0.01458
   104/299     18.9G    0.0358  0.004181  0.004053   0.04403        34       640    0.6386    0.6065    0.6074    0.3304   0.07844  0.006029   0.01402
   105/299     18.9G   0.03719  0.004241  0.004182   0.04562        54       640    0.6955    0.6078    0.6229    0.3412   0.07743  0.006015   0.01328
   106/299     18.9G   0.03554  0.004217  0.004009   0.04377        44       640    0.7017    0.6022    0.6355      0.35   0.07746  0.006003   0.01264
   107/299     18.9G   0.03786  0.004141  0.004465   0.04647        66       640    0.6485    0.6431    0.6324    0.3425   0.07974  0.005925   0.01302
   108/299     18.9G   0.03562  0.004087  0.003639   0.04334        59       640    0.7712    0.5651     0.632    0.3473   0.08112  0.005934   0.01252
   109/299     18.9G   0.03757  0.004082  0.004448    0.0461        57       640     0.644    0.6541    0.6451     0.354   0.08135  0.005929   0.01364
   110/299     18.9G   0.03614  0.004163  0.004506   0.04481        59       640    0.7297    0.6307    0.6504    0.3484     0.079   0.00592   0.01393
   111/299     18.9G   0.03791  0.004042  0.005072   0.04703        41       640    0.7728    0.6174    0.6642    0.3584   0.07746  0.006034   0.01429
   112/299     18.9G    0.0345  0.004152  0.004392   0.04304        37       640    0.7732      0.62    0.6814    0.3732   0.07772  0.005911   0.01434
   113/299     18.9G   0.03435  0.004068  0.004096   0.04251        52       640    0.7894    0.6317    0.6881    0.3851   0.07647  0.005879   0.01275
   114/299     18.9G   0.04014  0.004163  0.004856   0.04915        58       640    0.7818    0.6415    0.6828    0.3905   0.07501  0.005769   0.01293
   115/299     18.9G   0.03748  0.004177   0.00419   0.04585        42       640    0.8208    0.6096    0.6708     0.385   0.07807   0.00579    0.0125
   116/299     18.9G   0.03739  0.004158  0.004348   0.04589        77       640    0.7892    0.6383    0.6915    0.3888   0.08018  0.005826   0.01201
   117/299     18.9G    0.0381  0.003948  0.004664   0.04671        30       640    0.8092    0.6528    0.7083    0.3978   0.07839  0.005796   0.01201
   118/299     18.9G   0.03631  0.003909  0.003872   0.04409        69       640    0.7472    0.6706    0.7164    0.3994   0.07852  0.005789   0.01239
   119/299     18.9G   0.03504  0.003953  0.003915   0.04291        37       640    0.6716    0.7004    0.7046    0.3891   0.07788  0.005828   0.01271
   120/299     18.9G   0.03419  0.003995  0.003759   0.04194        63       640    0.7388    0.6418    0.7167    0.4031   0.07795  0.005726   0.01302
   121/299     18.9G   0.03415   0.00383  0.004109   0.04209        41       640    0.7951    0.6454    0.7148    0.4016   0.07808  0.005723   0.01174
   122/299     18.9G   0.03485  0.003962  0.003819   0.04263        51       640    0.8242    0.6542    0.7231    0.4123    0.0755  0.005803   0.01144
   123/299     18.9G   0.03636   0.00403  0.004464   0.04486        56       640    0.8369    0.6816    0.7389    0.4181   0.07458  0.005924   0.01134
   124/299     18.9G   0.03691  0.003979  0.003825   0.04472        31       640    0.7602    0.7114    0.7387    0.4229   0.07393  0.005927   0.01165
   125/299     18.9G   0.03356  0.003993  0.004239   0.04179        54       640    0.7554    0.7082    0.7364    0.4182   0.07427   0.00557    0.0121
   126/299     18.9G   0.03327  0.004049  0.003866   0.04118        31       640    0.7648    0.6972     0.726     0.425   0.07317  0.005666   0.01229
   127/299     18.9G   0.03223  0.003765  0.003688   0.03968        31       640    0.7226    0.7371    0.7357    0.4385   0.07763  0.005629    0.0125
   128/299     18.9G   0.03816  0.003956  0.004179   0.04629        49       640    0.7644    0.7342    0.7493    0.4297   0.07726  0.005495   0.01204
   129/299     18.9G     0.035  0.003997  0.004178   0.04318        45       640    0.7987    0.7209    0.7554    0.4331   0.07542  0.005615   0.01219
   130/299     18.9G    0.0366  0.003934  0.004226   0.04476        36       640    0.8245    0.7383    0.7686    0.4376   0.07455  0.005498   0.01226
   131/299     18.9G    0.0351   0.00394  0.003933   0.04297        63       640    0.8266    0.7263    0.7719    0.4475    0.0738  0.005473   0.01178
   132/299     18.9G   0.03732  0.003713  0.004413   0.04545        32       640     0.837    0.7137    0.7625    0.4413   0.07301  0.005483   0.01173
   133/299     18.9G   0.03671  0.003934  0.004283   0.04492        30       640    0.8707    0.7136    0.7688    0.4449   0.07248  0.005444   0.01211
   134/299     18.9G   0.03446  0.003857   0.00412   0.04244        27       640    0.8615    0.7158    0.7667    0.4435   0.07182  0.005428   0.01233
   135/299     18.9G   0.03481  0.003839  0.003967   0.04262        43       640    0.8624    0.7286    0.7682    0.4508   0.07155  0.005411   0.01236
   136/299     16.2G   0.03669  0.004029  0.003997   0.04472        30       640    0.8787    0.7042    0.7708    0.4427   0.07096  0.005397   0.01221
   137/299     18.5G   0.03518  0.003993  0.003908   0.04308        43       640     0.877    0.6895     0.766    0.4352   0.07158  0.005391   0.01221
   138/299     18.5G   0.03769  0.003825  0.004423   0.04594        51       640    0.8918    0.6899     0.773     0.442    0.0715  0.005353   0.01246
   139/299     18.5G   0.03612  0.003857  0.004072   0.04405        61       640    0.9224    0.7012    0.7843    0.4462    0.0708  0.005345   0.01243
   140/299     18.5G   0.03844   0.00398  0.004381    0.0468        57       640    0.8966    0.7162    0.7764    0.4526   0.06991  0.005287   0.01246
   141/299     18.5G   0.03698    0.0039  0.004166   0.04505        37       640    0.8475     0.748    0.7773    0.4573   0.06993  0.005227   0.01228
   142/299     18.5G   0.03553  0.003842   0.00392    0.0433        40       640    0.8866    0.7323    0.7885    0.4642   0.07017  0.005218   0.01221
   143/299     18.5G   0.03435  0.003989   0.00355   0.04189        36       640    0.8707     0.731    0.7853    0.4626   0.07075   0.00521   0.01158
   144/299     18.5G   0.03719  0.003945  0.004707   0.04584        63       640    0.8272     0.765    0.7966     0.458   0.07081  0.005334    0.0114
   145/299     18.5G   0.03715  0.004058  0.004371   0.04558        50       640    0.7041     0.621    0.6569    0.3495   0.07281  0.006548   0.01228
   146/299     18.5G   0.03573  0.004118  0.004632   0.04448        46       640    0.7944    0.5874    0.6645    0.3631   0.07279  0.006455   0.01232
   147/299     18.5G   0.03988  0.003987  0.004956   0.04883        65       640    0.8096     0.574    0.6709    0.3694   0.07242  0.006395   0.01199
   148/299     18.5G   0.03741  0.003928  0.004442   0.04579        34       640    0.8683    0.6044    0.7118    0.4009   0.07129  0.006015   0.01184
   149/299     18.5G   0.03707  0.003696  0.004193   0.04496        35       640    0.8471    0.6559    0.7378    0.4304   0.07045  0.005689   0.01188
   150/299     18.5G   0.03797  0.003919  0.004403   0.04629        78       640    0.8673    0.6544    0.7516    0.4544   0.07013  0.005505   0.01193
   151/299     18.5G    0.0362  0.003809  0.004009   0.04402        37       640    0.8523    0.6808    0.7667    0.4674   0.06971  0.005481   0.01209
   152/299     18.5G   0.03618  0.003856   0.00395   0.04399        34       640    0.8131    0.7038    0.7689    0.4707   0.06984  0.005415   0.01198
   153/299     18.5G   0.03591  0.003847  0.003994   0.04375        56       640    0.8304    0.7166    0.7813    0.4778   0.06966  0.005314   0.01205
   154/299     18.5G   0.03426  0.003806  0.003791   0.04186        33       640     0.877    0.7083    0.7958    0.4835   0.06962  0.005231   0.01213
   155/299     18.5G   0.03321  0.003792  0.003761   0.04076        70       640    0.8943    0.7148     0.802     0.483   0.06971  0.005171   0.01229
   156/299     18.5G   0.03385  0.003764   0.00351   0.04113        50       640    0.8953    0.7302    0.8071    0.4904   0.06959  0.005115   0.01228
   157/299     18.5G   0.03486   0.00383  0.003701   0.04239        48       640    0.8394     0.781    0.8131    0.4897   0.06952  0.005089   0.01204
   158/299     18.5G   0.03541  0.003761  0.003679   0.04285        29       640    0.8577    0.7795    0.8266    0.4959   0.06945  0.005071   0.01183
   159/299     18.5G   0.03478  0.003739  0.003944   0.04247        46       640    0.8651    0.7814     0.829    0.4985   0.06924  0.005053   0.01167
   160/299     18.5G   0.03688  0.003753  0.004411   0.04504        28       640    0.8803    0.7833    0.8368    0.4992   0.06922  0.005067   0.01156
   161/299     18.5G   0.03224  0.003612  0.003282   0.03913        71       640    0.8942    0.7821    0.8384    0.5014   0.06903  0.005094   0.01156
   162/299     18.5G   0.03662  0.003731  0.003881   0.04423        38       640    0.9018    0.7888    0.8432     0.502   0.06875  0.005113   0.01143
   163/299     18.5G   0.03609  0.003917  0.004281   0.04429        52       640    0.8872    0.7864    0.8365     0.491   0.06848  0.005266   0.01151
   164/299     18.5G   0.03734  0.003984  0.004487   0.04581        57       640    0.8985     0.757    0.8101    0.4691   0.06875  0.005515   0.01189
   165/299     18.5G   0.03885  0.003834  0.004427   0.04711        47       640    0.9265    0.7269    0.8018    0.4639   0.06861   0.00558   0.01214
   166/299     18.5G   0.03321  0.003802  0.003403   0.04041        42       640    0.9177    0.7328    0.8021    0.4675   0.06871  0.005507   0.01211
   167/299     18.5G   0.03674  0.003804   0.00384   0.04439        33       640    0.8936    0.7584    0.8032    0.4688    0.0686  0.005409   0.01195
   168/299     18.5G   0.03532  0.003687  0.003886    0.0429        35       640    0.9141    0.7535    0.8093    0.4866   0.06835  0.005317   0.01185
   169/299     18.5G    0.0352  0.003621  0.003402   0.04222        39       640    0.8884    0.7693     0.814    0.4953   0.06815  0.005229   0.01192
   170/299     18.5G   0.03531  0.003736  0.003871   0.04292        66       640    0.8847    0.7794     0.819    0.5025   0.06788  0.005155   0.01203
   171/299     18.5G    0.0385  0.003662  0.004545   0.04671        40       640    0.9072    0.7687    0.8294     0.509   0.06782    0.0051   0.01214
   172/299     18.5G   0.03731  0.003672  0.003966   0.04495        62       640    0.9112    0.7695    0.8346    0.5146   0.06768  0.005064   0.01211
   173/299     18.5G   0.03424  0.003613  0.003552   0.04141        39       640    0.8815    0.7984    0.8385    0.5202    0.0676  0.005035   0.01211
   174/299     18.5G   0.03502   0.00368  0.003832   0.04253        78       640    0.8956    0.7951    0.8406    0.5222   0.06753   0.00501   0.01207
   175/299     18.5G    0.0329   0.00355  0.003717   0.04017        33       640    0.8962    0.8001     0.841    0.5276   0.06738  0.004984   0.01198
   176/299     18.5G    0.0354   0.00362  0.003571   0.04259        27       640    0.8925    0.8068    0.8386    0.5257   0.06725  0.004963   0.01197
   177/299     18.5G   0.03681   0.00372  0.004123   0.04465        42       640    0.8939    0.8084    0.8424    0.5242   0.06724  0.004953   0.01195
   178/299     18.5G   0.03867  0.003608  0.004181   0.04646        57       640    0.9004     0.808    0.8467    0.5255   0.06712  0.004963   0.01191
   179/299     18.5G   0.03651  0.003753  0.003602   0.04386        42       640    0.8869    0.8138    0.8441    0.5222    0.0671  0.004976   0.01195
   180/299     18.5G   0.03874  0.003689  0.004436   0.04686        45       640    0.9254    0.7974    0.8516    0.5257   0.06712   0.00495   0.01198
   181/299     18.5G   0.03293  0.003626    0.0034   0.03995        34       640    0.9211    0.8109     0.853    0.5266   0.06715  0.004903   0.01199
   182/299     18.5G   0.03507   0.00363  0.003489   0.04219        33       640    0.9167    0.8057    0.8487    0.5248   0.06705  0.004898   0.01195
   183/299     18.5G   0.03797  0.003703  0.004201   0.04588        58       640    0.9193    0.8087    0.8502    0.5232   0.06696  0.004887   0.01203
   184/299     18.5G   0.03648  0.003679  0.003863   0.04403        74       640    0.9011    0.8125    0.8503    0.5257   0.06699   0.00489   0.01211
   185/299     18.5G   0.03921  0.003869  0.004287   0.04737        44       640    0.8775    0.8095    0.8409     0.522   0.06711  0.004909   0.01207
   186/299     18.5G   0.03568  0.003749  0.003677    0.0431        64       640    0.8656    0.7617    0.8282    0.5042   0.06729  0.005034   0.01209
   187/299     18.5G   0.03534   0.00373  0.003806   0.04288        75       640    0.8673    0.7484    0.8176    0.4975   0.06744  0.005079   0.01211
   188/299     18.5G   0.03442  0.003558  0.003421    0.0414        39       640     0.884    0.7444    0.8153    0.4946   0.06746  0.005093   0.01209
   189/299     18.5G   0.03582  0.003592  0.003508   0.04292        48       640    0.8764    0.7461    0.8169    0.4926   0.06747  0.005088   0.01211
   190/299     18.5G   0.03584  0.003557  0.003741   0.04313        30       640     0.873    0.7474    0.8187    0.4904   0.06749  0.005071   0.01211
   191/299     18.5G   0.03589  0.003641  0.003731   0.04327        56       640    0.8781    0.7396    0.8167    0.4919    0.0674  0.005054   0.01208
   192/299     18.5G   0.03737  0.003588  0.003852   0.04481        58       640    0.8697    0.7504     0.824    0.4948   0.06732  0.005028   0.01206
   193/299     18.5G   0.03598  0.003557  0.003495   0.04303        26       640    0.8853    0.7384    0.8229    0.4997   0.06727  0.005006   0.01209
   194/299     18.5G   0.03533  0.003588  0.003372   0.04229        53       640    0.8507    0.7718    0.8295    0.5029   0.06721  0.004981   0.01214
   195/299     18.5G   0.03468  0.003627  0.003915   0.04222        46       640    0.8529    0.7791    0.8309    0.5071   0.06713  0.004968   0.01208
   196/299     18.5G    0.0365   0.00364  0.003881   0.04402        83       640    0.8517    0.7864     0.833    0.5048   0.06707     0.005   0.01203
   197/299     18.5G   0.03436  0.003837  0.003555   0.04176        56       640    0.8783    0.7638    0.8348    0.5051   0.06701  0.005022   0.01202
   198/299     18.5G   0.03529  0.003705  0.003626   0.04262        55       640    0.8887    0.7584    0.8344    0.5015   0.06703  0.005032   0.01204
   199/299     18.5G   0.03437  0.003481  0.003339   0.04119        56       640    0.8876    0.7593    0.8349    0.5035   0.06698  0.005036   0.01203
   200/299     18.5G   0.03694  0.003702  0.003867   0.04451        47       640    0.8492    0.7845    0.8313    0.5022   0.06695  0.005037   0.01197
   201/299     18.5G   0.03231  0.003467  0.002998   0.03877        38       640      0.83    0.8034    0.8314    0.5031   0.06692  0.005033   0.01193
   202/299     18.5G   0.03538  0.003572  0.003434   0.04239        47       640    0.8523    0.8028     0.838    0.5067   0.06684  0.005024   0.01189
   203/299     18.5G   0.03374  0.003562  0.003496    0.0408        53       640    0.8376    0.8074    0.8353    0.5058   0.06677  0.005009   0.01185
   204/299     18.5G   0.03571  0.003457  0.003462   0.04263        36       640    0.8549    0.8079    0.8412    0.5092   0.06673  0.004996   0.01184
   205/299     18.5G   0.03478  0.003518  0.003464   0.04176        38       640    0.8499    0.8096    0.8432    0.5089   0.06667  0.004977   0.01184
   206/299     18.5G   0.03637  0.003485  0.003501   0.04336        73       640    0.8538    0.8117    0.8422     0.511   0.06663   0.00496   0.01183
   207/299     18.5G   0.03405  0.003446  0.003042   0.04053        58       640    0.8847    0.7987     0.846    0.5179   0.06658  0.004946   0.01184
   208/299     18.5G   0.03495  0.003462  0.003737   0.04215        37       640    0.8838    0.7961    0.8443    0.5168   0.06653  0.004931   0.01185
   209/299     18.5G   0.03422  0.003538  0.003583   0.04134        39       640    0.8859    0.7994    0.8458    0.5193   0.06647   0.00492   0.01181
   210/299     18.5G    0.0358  0.003452  0.003641   0.04289        65       640    0.8896    0.8001    0.8469    0.5207   0.06639  0.004908   0.01178
   211/299     18.5G    0.0352  0.003565  0.003507   0.04227        40       640    0.9039    0.7869    0.8475    0.5223   0.06633    0.0049   0.01178
   212/299     18.5G   0.03598  0.003699  0.003502   0.04318        19       640    0.8638    0.8202    0.8479    0.5223    0.0663   0.00489   0.01181
   213/299     18.5G   0.03608  0.003478  0.003689   0.04325        47       640    0.8674    0.8262    0.8541    0.5259   0.06625   0.00488   0.01182
   214/299     18.5G   0.03578  0.003445  0.003623   0.04285        62       640    0.9238    0.7919    0.8574    0.5254    0.0662  0.004869   0.01181
   215/299     18.5G   0.03401  0.003447  0.003571   0.04103        31       640    0.9104    0.8027     0.858    0.5283   0.06615  0.004858   0.01182
   216/299     18.5G   0.03138  0.003378  0.002705   0.03746        55       640    0.9246    0.8048    0.8591    0.5292    0.0661  0.004847   0.01182
   217/299     18.5G   0.03468  0.003444  0.003582   0.04171        53       640     0.918    0.8057    0.8591    0.5278   0.06605  0.004836   0.01181
   218/299     18.5G   0.03195  0.003462  0.003355   0.03876        41       640    0.9202    0.8056    0.8604    0.5291     0.066  0.004829   0.01183
   219/299     18.5G   0.03391  0.003363  0.003701   0.04097        48       640    0.9308     0.807    0.8644    0.5314   0.06597  0.004817   0.01185
   220/299     18.5G   0.03569  0.003491  0.003334   0.04252        31       640    0.9271    0.8078    0.8619     0.532   0.06591   0.00481   0.01187
   221/299     18.5G   0.03342  0.003394  0.003304   0.04012        40       640    0.9293    0.8075    0.8645     0.532   0.06588  0.004803    0.0119
   222/299     18.5G   0.03592  0.003371  0.003567   0.04286        50       640    0.9288    0.8078     0.866    0.5317   0.06584  0.004797   0.01193
   223/299     18.5G   0.03501  0.003438  0.003667   0.04212        36       640    0.9294    0.8107    0.8667    0.5323   0.06581  0.004789   0.01194
   224/299     18.5G   0.03617  0.003423  0.003867   0.04346        33       640    0.9319    0.8107    0.8673    0.5338   0.06578  0.004783   0.01193
   225/299     18.5G   0.03426  0.003515  0.003377   0.04115        41       640    0.9283    0.8108    0.8675     0.535   0.06576  0.004778   0.01192
   226/299     18.5G   0.03561  0.003366  0.003462   0.04244        43       640    0.9285    0.8121    0.8666    0.5353   0.06573  0.004772   0.01192
   227/299     18.5G   0.03403  0.003431  0.003542     0.041        48       640    0.9295    0.8125    0.8661    0.5362    0.0657  0.004767   0.01193
   228/299     18.5G   0.03632  0.003326  0.003656   0.04331        61       640    0.9298    0.8125    0.8662    0.5358   0.06567  0.004761   0.01194
   229/299     18.5G   0.03537  0.003412  0.003469   0.04225        72       640    0.9252    0.8157    0.8665    0.5358   0.06562  0.004755   0.01194
   230/299     18.5G   0.03323  0.003424  0.003705   0.04036        51       640    0.9238    0.8169    0.8669    0.5365   0.06559   0.00475   0.01193
   231/299     18.5G    0.0351  0.003392  0.003564   0.04206        48       640    0.9247    0.8174    0.8671    0.5372   0.06557  0.004747   0.01192
   232/299     18.5G   0.03202  0.003406  0.003303   0.03873        23       640    0.9273    0.8196      0.87    0.5378   0.06554  0.004742   0.01192
   233/299     18.5G   0.03434  0.003316   0.00347   0.04113        43       640    0.9255    0.8195    0.8698    0.5383    0.0655  0.004737   0.01191
   234/299     18.5G   0.03329  0.003555  0.003669   0.04052        43       640    0.9291    0.8193    0.8696     0.541   0.06547  0.004732    0.0119
   235/299     18.5G   0.03561  0.003444  0.003612   0.04267        30       640    0.9313    0.8177    0.8699     0.542   0.06544  0.004728    0.0119
   236/299     18.5G   0.03354  0.003589  0.003401   0.04053        33       640    0.9271    0.8204    0.8704    0.5441   0.06542  0.004722    0.0119
   237/299     18.5G   0.03266  0.003364  0.003045   0.03907        42       640    0.9291    0.8192    0.8737     0.543    0.0654  0.004719    0.0119
   238/299     18.5G   0.03023  0.003468  0.002933   0.03663        56       640    0.9356    0.8183     0.873    0.5443   0.06538  0.004716   0.01191
   239/299     18.5G   0.03025  0.003291   0.00271   0.03625        58       640     0.926    0.8258     0.873    0.5433   0.06534  0.004714   0.01193
   240/299     18.5G   0.03302  0.003411  0.003436   0.03987        34       640    0.9293    0.8237    0.8746    0.5451   0.06534  0.004711   0.01195
   241/299     18.5G   0.03295  0.003448  0.003128   0.03953        54       640    0.9315    0.8225    0.8736    0.5441   0.06531  0.004709   0.01197
   242/299     18.5G   0.03327  0.003393  0.003366   0.04003        44       640    0.9319    0.8223    0.8739    0.5463    0.0653  0.004707   0.01197
   243/299     18.5G   0.03493  0.003351  0.003275   0.04155        66       640    0.9327    0.8221     0.874    0.5458   0.06526  0.004706   0.01196
   244/299     18.5G    0.0347  0.003343  0.003226   0.04127        59       640    0.9277    0.8221    0.8741    0.5464   0.06523  0.004703   0.01196
   245/299     18.5G    0.0352  0.003345  0.003517   0.04206        57       640    0.9299    0.8214    0.8746    0.5473   0.06521    0.0047   0.01196
   246/299     18.5G   0.03463  0.003398  0.003568    0.0416        59       640    0.9307    0.8213    0.8748    0.5472   0.06518  0.004698   0.01195
   247/299     18.5G   0.03519  0.003283  0.003642   0.04212        41       640    0.9362    0.8224    0.8767    0.5486   0.06517  0.004696   0.01195
   248/299     18.5G   0.03235  0.003439   0.00299   0.03878        37       640    0.9354    0.8224    0.8768    0.5498   0.06515  0.004695   0.01195
   249/299     18.5G   0.03172  0.003329  0.003008   0.03806        52       640    0.9365    0.8214    0.8769    0.5504   0.06513  0.004692   0.01194
   250/299     18.5G   0.03524  0.003385  0.003245   0.04187        58       640    0.9367    0.8214    0.8769    0.5504   0.06512   0.00469   0.01194
   251/299     18.5G    0.0343  0.003361  0.003116   0.04078        42       640    0.9364    0.8215    0.8754    0.5506    0.0651  0.004688   0.01194
   252/299     18.5G   0.03393  0.003409  0.003241   0.04058        77       640      0.93    0.8255    0.8758     0.551   0.06507  0.004685   0.01194
   253/299     18.5G   0.03486  0.003287  0.003384   0.04153        30       640    0.9319    0.8248    0.8766    0.5517   0.06505  0.004683   0.01195
   254/299     18.5G   0.03271  0.003201  0.002939   0.03885        69       640     0.932    0.8249    0.8766    0.5518   0.06503   0.00468   0.01194
   255/299     18.5G   0.03185  0.003282  0.003041   0.03817        37       640    0.9301    0.8268     0.877    0.5517   0.06501  0.004677   0.01194
   256/299     18.5G   0.03196  0.003321  0.002844   0.03813        63       640    0.9302     0.827     0.877    0.5523   0.06498  0.004675   0.01193
   257/299     18.5G   0.03317  0.003252  0.003121   0.03954        41       640    0.9265    0.8252    0.8773    0.5529   0.06497  0.004673   0.01192
   258/299     18.5G   0.03076  0.003243   0.00251   0.03651        51       640    0.9259    0.8268    0.8773     0.553   0.06495  0.004671   0.01192
   259/299     18.5G   0.03389  0.003272  0.003525   0.04069        56       640    0.9249     0.827    0.8771    0.5525   0.06494  0.004669   0.01191
   260/299     18.5G   0.03527   0.00331  0.003178   0.04176        31       640    0.9259    0.8271    0.8773    0.5527   0.06492  0.004666   0.01191
   261/299     18.5G   0.03165  0.003281  0.002717   0.03765        54       640    0.9256    0.8282    0.8776    0.5531   0.06491  0.004664   0.01192
   262/299     18.5G   0.03042  0.003309  0.002797   0.03653        31       640    0.9302    0.8285    0.8776     0.554   0.06489  0.004662   0.01192
   263/299     18.5G   0.03165  0.003153  0.002984   0.03779        31       640    0.9314    0.8284    0.8778    0.5542   0.06488   0.00466   0.01192
   264/299     18.5G   0.03359  0.003332  0.003403   0.04032        49       640    0.9314    0.8287    0.8779    0.5543   0.06486  0.004658   0.01192
   265/299     18.5G   0.03095  0.003306  0.002781   0.03703        45       640    0.9315    0.8287     0.878    0.5541   0.06485  0.004656   0.01191
   266/299     18.5G    0.0323   0.00323  0.003074    0.0386        36       640    0.9342    0.8303    0.8792    0.5541   0.06483  0.004654   0.01191
   267/299     18.5G   0.03199  0.003299  0.002916   0.03821        63       640    0.9354    0.8307    0.8796    0.5544   0.06481  0.004651    0.0119
   268/299     18.5G   0.03572  0.003112  0.003511   0.04234        32       640    0.9343    0.8308    0.8798    0.5545    0.0648  0.004649    0.0119
   269/299     18.5G   0.03154  0.003309  0.003166   0.03801        30       640    0.9356    0.8309    0.8801    0.5544   0.06478  0.004646   0.01189
   270/299     18.5G   0.03167  0.003231  0.003013   0.03791        27       640    0.9348    0.8308    0.8801    0.5543   0.06477  0.004643   0.01189
   271/299     18.5G   0.03013  0.003187  0.002685     0.036        43       640     0.935    0.8308    0.8803    0.5546   0.06474  0.004641   0.01189
   272/299     18.5G   0.03605  0.003306  0.003445    0.0428        31       640    0.9303    0.8363    0.8805    0.5554   0.06473  0.004639   0.01188
   273/299     18.5G   0.03326  0.003401  0.003274   0.03993        35       640    0.9315    0.8363    0.8805    0.5551   0.06471  0.004637   0.01188
   274/299     18.5G   0.03306  0.003237  0.003249   0.03955        24       640     0.933    0.8362    0.8807    0.5554   0.06469  0.004635   0.01188
   275/299     18.5G   0.03446  0.003344  0.003335   0.04114        56       640    0.9343    0.8362    0.8808    0.5556   0.06468  0.004634   0.01187
   276/299     18.5G    0.0319   0.00331    0.0029   0.03811        31       640    0.9339    0.8362    0.8809    0.5557   0.06466  0.004632   0.01187
   277/299     18.5G   0.03178  0.003234  0.003036   0.03805        19       640    0.9342    0.8363     0.881    0.5554   0.06464  0.004629   0.01187
   278/299     18.5G   0.03837  0.003307   0.00423   0.04591        64       640    0.9337    0.8363     0.881    0.5549   0.06464  0.004628   0.01187
   279/299     18.5G   0.03059  0.003279  0.002838   0.03671        32       640    0.9338    0.8364    0.8812    0.5559   0.06461  0.004625   0.01187
   280/299     18.5G   0.03208  0.003258  0.002857    0.0382        62       640    0.9343    0.8358    0.8813     0.556    0.0646  0.004624   0.01187
   281/299     18.5G   0.03228  0.003295  0.003132    0.0387        53       640    0.9307    0.8394    0.8813     0.555   0.06458  0.004622   0.01187
   282/299     18.5G   0.03252  0.003281  0.003135   0.03893        36       640     0.931    0.8398    0.8815    0.5549   0.06457  0.004619   0.01186
   283/299     18.5G    0.0307  0.003236  0.002937   0.03687        63       640    0.9315    0.8397    0.8816     0.555   0.06455  0.004617   0.01186
   284/299     18.5G   0.03246  0.003272  0.003134   0.03887        34       640    0.9331     0.839    0.8817     0.555   0.06453  0.004616   0.01187
   285/299     18.5G   0.03359  0.003244  0.003158   0.03999        66       640    0.9344     0.839    0.8819    0.5551   0.06451  0.004613   0.01187
   286/299     18.5G   0.03384   0.00324  0.003175   0.04025        89       640    0.9289    0.8436    0.8819     0.555   0.06451  0.004612   0.01187
   287/299     18.5G   0.03178  0.003185  0.002935    0.0379        51       640    0.9302    0.8432    0.8819    0.5554   0.06449   0.00461   0.01187
   288/299     18.5G   0.03393  0.003233   0.00349   0.04066       110       640     0.933    0.8424    0.8819    0.5549   0.06448  0.004609   0.01187
   289/299     18.5G   0.03467  0.003249  0.003211   0.04113        41       640    0.9334    0.8425     0.882    0.5543   0.06446  0.004608   0.01187
   290/299     18.5G   0.03089   0.00326   0.00286   0.03701        41       640    0.9341    0.8425    0.8821    0.5536   0.06445  0.004606   0.01187
   291/299     18.5G   0.03213   0.00316  0.003009    0.0383        54       640    0.9355    0.8423     0.882    0.5534   0.06444  0.004605   0.01187
   292/299     18.5G   0.03333  0.003265  0.003138   0.03973        45       640    0.9359    0.8421    0.8821    0.5544   0.06442  0.004603   0.01187
   293/299     18.5G   0.02967  0.003144  0.002622   0.03544       106       640    0.9362    0.8421     0.882    0.5547   0.06441  0.004602   0.01187
   294/299     18.5G   0.03157  0.003218  0.002912    0.0377        40       640    0.9366    0.8421    0.8827    0.5552   0.06439    0.0046   0.01187
   295/299     18.5G    0.0313  0.003199  0.002862   0.03736        69       640    0.9369    0.8417    0.8826    0.5551   0.06438  0.004598   0.01186
   296/299     18.5G   0.03438  0.003257  0.003432   0.04107        86       640    0.9372    0.8414    0.8836    0.5546   0.06437  0.004597   0.01186
   297/299     18.5G   0.03314  0.003224  0.003341    0.0397        50       640    0.9367    0.8416    0.8838    0.5541   0.06436  0.004596   0.01186
   298/299     18.5G    0.0321  0.003194  0.002857   0.03816        45       640    0.9368    0.8415    0.8839    0.5546   0.06434  0.004596   0.01185
   299/299     18.5G   0.03264  0.003254  0.003205    0.0391        48       640    0.9366    0.8416     0.884    0.5558   0.06432  0.004595   0.01185
